BMI: 19.000000
BMI: 5000.000000
