BMI: 22.000000( 2017.1.2)
BMI: 66.000000( 2017.1.2)
